1
1
1
1
1
2
3
4
5
6
7
9
11
14
17
21
26
32
39
48
59
72
88
108
132
162
198
242
296
362
443
542
663
811
992
1214
1485
1817
2223
2719
3326
4069
4978
6090
7450
9113
11148
13637
16682
20407
24964
30538
37357
45698
55902
68384
83653
102332
125181
153132
187324
229151
280317
342908
419474
513136
627712
767871
939325
1149062
1405630
1719486
2103422
2573085
3147616
3850431
4710174
5761885
7048428
8622236
10547452
12902539
15783482
19307696
23618814
28892540
35343810
43235551
52889399
64698806
79145076
96816981
118434757
144879457
177228860
216801398
265209889
324427268
396866997
485481427
593882126
726487071
888700705
1087134204
1329874918
1626815981
1990059517
2434409870
2977976972
3642914431
4456322422
5451352181
6668557116
8157545602
9979002818
12207164029
14932840120
18267118678
22345891479
27335392888
33438974903
40905394963
50038954302
61211900042
74879596486
91599083938
112051781420
137071258571
167677208592
205117006835
250916548804
306942439514
375478068800
459316673096
561875176514
687333450916
840804670673
1028543705073
1258202041621
1539139629878
1882806355336
2303208690673
2817480543210
3446581564021
4216151378960
5157554556628
6309158901965
7717899173570
9441189955581
11549265645061
14128042923375
17282622374358
21141571961143
25862166938934
31636799761465
38700821223153
47342132410332
57912918390904
70844001860371
86662401741104
106012812352681
129683878557847
158640337753299
194062338683485
237393539554037
290399945730378
355241885009302
434562053885952
531593223227695
650289993004714
795489965869903
973110908374554
1190391935317530
1456188546931378
1781333543433735
2179078526368687
2665633980555964
3260829948214729
3988924221680418
4879590993397286
5969130256581630
7301947246859612
8932362220966977
10926824331807186
13366619828505829
16351184956796644
20002158580226450
24468339690709939
29931751856613532
36615061770866446
44790654249264768
54791733539377992
67025903384732962
81991779313039728
100299310198472952
122694637323105336
150090504092794332
183603455785160812
224599345441680676
274749000540917156
336096319202469828
411141571248866996
502943299141447396
615242971862287732
752617472132746308
920665631733981220
1126236417358414724
1377708066929138436
1685329552860282308
2061638288926655492
2521971104793646084
3085089313472853444
3773943346937422660
4616608123367563844
5647427267830891588
6908412820227714628
8450957476964141380
10337929150432852804
12646233212116634948
15469946846032080708
18924153256145938244
23149631994628008772
28318596569844434756
34641713175902752580
42376686598918793028
51838763226991761220
63413579224305766212
77572877509227982660
94893734097179359044
116082077396638754628
142001459010134636356
173708248622287517508
212494687376901510980
259941554425491191620
317982593123810572100
388983322628877891396
475837446940021651268
582084790628472403780
712055567841218000708
871046864403123271492
1065538525717562226500
1303457249187573036868
1594499644501809231684
1950527428422418233156
2386050860623979870020
2918820123482761000772
3570548748076547503940
4367798570327452088132
5343062284538661238596
6536087714850651174724
7995497776592031774532
9780772150630305429316
11964671435794031507268
14636202578063362029380
17904246435488687388484
21901995323784703440708
26792381399099856058180
32774717116996871452484
40092818406028552107844
49044941623772895704900
59995939285665246803780
73392129985215175259972
89779488543713610889028
109825897746727888418628
134348368558614337746756
164346338201446959478596
201042403194054548584260
245932147465911354455876
300845096339275294897988
368019280618582462101316
450192449719305940170564
550713651316333206501188
673679725049288884156228
824102273218926527838020
1008111913528217763510084
1233208138387870738216772
1508564964046037354477380
1845404826570681784399684
2257455963180145027774276
2761511919944253888984900
3378115989138189203994436
4132398471161207860688708
5055100884446548765898564
6183828866036621259241284
7564584826008748082526020
9253642820577842563315524
11319842056158446573778756
13847392498381720768411460
16939306931400031343933252
20721599344404405465315140
25348420754693326827091780
31008341782772549791446852
37932038031963410389989188
46401691497663426007856964
56762491169865629491722052
69436701547212292851169092
84940872438598567692793668
103906891454580272833689412
127107737203411987394131780
155488982788344802622764868
190207333561950950604863300
232677769781250236007774020
284631215508540375054874436
348185084110246369234712388
425929575504418768881383236
521033242285394246814070596
637372127176019371743180612
779687734930289561900873540
953780276985412736263583556
1166745064737622110449628996
1427261685880319232191952708
1745947749468328916398831428
2135791616933473695684556612
2612681755426180079331505988
3196054287794991150071478084
3909685130735150781682612036
4782659005469315221037446980
5850554813936052015675406148
7156895691649142173935531844
8754922835546637730126690116
10709765400914213170842892100
13101094903648870831236511556
16026372310616896682790680388
19604820156441468025791772484
23982281574214787146888443716
29337164274671893988343215940
35887711726496329522555844420
43900897881804778257423464260
53703307960025512663791630148
65694448747132905256318596932
80363030884468852918840391492
98306886747717018348468500292
120257335688619408695286232900
147108989668632165695532234564
179956214042198617892530091844
220137729484433046119812101956
269291172858291554862884910916
329419840702601256580343330628
402974335536917338996948006724
492952442558016656308144633668
603021307300233178936889243460
